49.0
  0.000000  0.000000
  0.003318 -0.007958
  0.006130 -0.010868
  0.008756 -0.012924
  0.011342 -0.014531
  0.013906 -0.015867
  0.021533 -0.019020
  0.026594 -0.020778
  0.051800 -0.028184
  0.076893 -0.033973
  0.101920 -0.038767
  0.126906 -0.042950
  0.151860 -0.046494
  0.176790 -0.049600
  0.201700 -0.052313
  0.226594 -0.054690
  0.251476 -0.056761
  0.276345 -0.058552
  0.301205 -0.060074
  0.326056 -0.061348
  0.350898 -0.062382
  0.375733 -0.063188
  0.400561 -0.063760
  0.425382 -0.064111
  0.450196 -0.064225
  0.475003 -0.064110
  0.499801 -0.063757
  0.524589 -0.063154
  0.549363 -0.062284
  0.574112 -0.061180
  0.598776 -0.059516
  0.623479 -0.057380
  0.648338 -0.054575
  0.673281 -0.051217
  0.698285 -0.047492
  0.723338 -0.043517
  0.748433 -0.039370
  0.773563 -0.034881
  0.798722 -0.030297
  0.823900 -0.025648
  0.849090 -0.021021
  0.874284 -0.016472
  0.899477 -0.012076
  0.924657 -0.007953
  0.949815 -0.004289
  0.974937 -0.001389
  0.984972 -0.000565
  0.989985 -0.000261
  1.000000  0.000000

