49.0
  0.000000  0.000000
  0.001682  0.008603
  0.003870  0.012035
  0.006244  0.014564
  0.008658  0.016615
  0.011904  0.018371
  0.018467  0.022686
  0.023406  0.025158
  0.048200  0.035673
  0.073107  0.044072
  0.098080  0.051140
  0.123094  0.057294
  0.148140  0.062683
  0.173210  0.067405
  0.198300  0.071568
  0.223406  0.075244
  0.248524  0.078473
  0.273655  0.081290
  0.298795  0.083712
  0.323944  0.085764
  0.349102  0.087456
  0.374267  0.088803
  0.399439  0.089799
  0.424618  0.090457
  0.449804  0.090757
  0.474997  0.090707
  0.500199  0.090291
  0.525411  0.089490
  0.550637  0.088275
  0.575888  0.086589
  0.601224  0.084284
  0.626521  0.081158
  0.651662  0.077171
  0.676719  0.072485
  0.701715  0.067315
  0.726662  0.061803
  0.751567  0.055981
  0.776437  0.049884
  0.801278  0.043586
  0.826100  0.037195
  0.850910  0.030813
  0.875716  0.024511
  0.900523  0.018381
  0.925343  0.012562
  0.950185  0.007258
  0.975063  0.002806
  0.985028  0.001395
  0.990015  0.000806
  1.000000  0.000000
