26.
 0.00000   0.00000
  .00300   -.010575
  .01000   -.018816
  .02000   -.025912
  .04000   -.035093
  .07000   -.043996
  .10000   -.050022
  .15000   -.056617
  .20000   -.060487
  .25000   -.062500
  .30000   -.063102
  .35000   -.062570
  .40000   -.061087
  .45000   -.058802
  .50000   -.055825
  .55000   -.052241
  .60000   -.048148
  .65000   -.043638
  .70000   -.038802
  .75000   -.033745
  .80000   -.028597
  .85000   -.023543
  .90000   -.018788
  .95000   -.014762
  .97500   -.013306
 1.00000   -.012500

