26.
 0.00000   0.00000
  .00300    .022030
  .01000    .040200
  .02000    .056441
  .04000    .078139
  .07000    .099311
  .10000    .113559
  .15000    .128206
  .20000    .135379
  .25000    .137500
  .30000    .135846
  .35000    .131143
  .40000    .123961
  .45000    .115225
  .50000    .105825
  .55000    .096427
  .60000    .087114
  .65000    .077827
  .70000    .068516
  .75000    .059178
  .80000    .049830
  .85000    .040496
  .90000    .031165
  .95000    .021832
  .97500    .017175
 1.00000    .012500
